0.1323439 -0.03703394 1.989244
0.3503419 0.2950311 1.998781
0.550934 0.6021867 2.010408
0.3596602 0.450246 1.836501
0.4989735 0.2505223 1.838241
0.6253051 0.05429557 1.883815
0.6951622 -0.03142405 1.924574
0.6736692 0.4350725 2.116588
0.5726212 0.2180016 2.161653
0.6596995 0.04117764 2.012831
0.697302 -0.03467165 1.932632
0.0741692 2.711478E-06 1.919458
0.1642455 -0.4723318 1.765553
0.1691285 -0.9263958 1.7044
0.1853293 -0.07258078 1.982488
0.2440902 -0.4292325 1.95797
0.1399749 -0.8747283 1.816126
0.5026718 0.5285486 2.007817
0.6772091 0.6719707 2.069744
0.2823864 -0.9015977 1.621072
0.08445753 -0.9290295 1.690797
0.7639527 -0.09331603 1.929514
0.6710601 -0.04080946 1.932297
0.743956 -0.08182416 1.923922
0.6599388 0.01432614 1.879864
